# CAT Character Animation Clip exported from 3dsmax on Wed Mar 09 11:02:12 2016

Version = 3500
LengthAxis = 0
CharacterName = "Hancock"
ClipLength = 0
LayerRange = Interval 0 0
Units = 0.0237194
PathNodeGuess = matrix 2.37e-014 -3.13916e-007 1 -8.74228e-008 -1 -3.13916e-007 1 -8.74228e-008 -5.11435e-014 -4.9162e-008 1.07288e-006 -5.76159
BodyPartID = "Hub"
Hub {
  # HancockPelvis
  ValMatrix = matrix 2.37e-014 -3.13916e-007 1 -8.74228e-008 -1 -3.13916e-007 1 -8.74228e-008 -5.11435e-014 -1.24345e-013 0.2062 -3.51521
  Limb {
    # LLeg
    LimbFlags = 4108
    IKFKValues {
      ValFloat = 0
    }
    LimbIKPos {
      ValFloat = 3
    }
    Retargetting {
      ValFloat = 0
    }
    IKTargetValues {
      ValMatrix = matrix 2.37e-014 -3.13916e-007 1 -8.74228e-008 -1 -3.13916e-007 1 -8.74228e-008 -5.11435e-014 0.474387 0.2062 -5.73365
    }
    LimbBone {
      # HancockRigLLeg1
      Controller {
        ValMatrix = matrix 0.999101 0.0292392 -0.0306913 -0.0303741 0.998847 -0.0371863 0.0295686 0.038085 0.998837 0.37756 -4.79817e-006 -0.599505
      }
      BoneSeg {
        # HancockRigLLeg1
      }
    }
    LimbBone {
      # HancockRigLLeg2
      Controller {
        ValMatrix = matrix 0.999424 -0.0336027 0.00498769 0.0330373 0.995609 0.0875913 -0.0079091 -0.0873761 0.996144 -2.38419e-006 -2.95043e-006 6.55651e-007
      }
      BoneSeg {
        # HancockRigLLeg2
      }
    }
    Palm {
      LMR = -1
      Controller {
        ValMatrix = matrix -0.0319902 0.999483 0.00312566 -0.999488 -0.0319904 0 9.99911e-005 -0.00312406 0.999995 -0.25714 0.379032 -0.169348
      }
      TargetAlignValues {
        ValFloat = 1
      }
    }
  }
  Limb {
    # RLeg
    LimbFlags = 4132
    IKFKValues {
      ValFloat = 0
    }
    LimbIKPos {
      ValFloat = 3
    }
    Retargetting {
      ValFloat = 0
    }
    IKTargetValues {
      ValMatrix = matrix 2.37e-014 -3.13916e-007 1 -8.74228e-008 -1 -3.13916e-007 1 -8.74228e-008 -5.11435e-014 -0.474388 0.206199 -5.73365
    }
    LimbBone {
      # HancockRigRLeg1
      Controller {
        ValMatrix = matrix 0.999101 0.0292394 0.0306916 -0.0303743 0.998847 0.0371866 -0.0295689 -0.0380854 0.998837 0.37756 -4.79817e-006 0.599505
      }
      BoneSeg {
        # HancockRigRLeg1
      }
    }
    LimbBone {
      # HancockRigRLeg2
      Controller {
        ValMatrix = matrix 0.999422 -0.0335377 -0.00567375 0.0329127 0.995613 -0.0875913 0.00858648 0.0873539 0.99614 -2.38419e-006 -2.98023e-006 -6.55651e-007
      }
      BoneSeg {
        # HancockRigRLeg2
      }
    }
    Palm {
      LMR = 1
      Controller {
        ValMatrix = matrix -0.0320379 0.999486 -0.00150846 -0.999487 -0.0320379 1.07219e-007 -4.82207e-005 0.00150769 0.999999 -0.257145 0.379099 0.169432
      }
      TargetAlignValues {
        ValFloat = 1
      }
    }
  }
}

